0 0 334
1 0 333
2 0 331
3 0 311
4 0 316
5 0 319
6 0 293
7 0 294
8 0 311
9 0 328
10 0 370
11 0 339
12 0 287
13 0 300
14 0 307
15 0 322

0 1 3
1 1 4
2 1 1
3 1 5
4 1 4
5 1 4
6 1 4
7 1 4
8 1 6
9 1 4
10 1 4
11 1 7
12 1 5
13 1 1
14 1 3
15 1 1

0 2 1
1 2 5
2 2 3
3 2 3
4 2 2
5 2 0
6 2 0
7 2 1
8 2 3
9 2 2
10 2 2
11 2 5
12 2 1
13 2 3
14 2 3
15 2 3

0 3 3
1 3 0
2 3 4
3 3 6
4 3 7
5 3 3
6 3 5
7 3 5
8 3 4
9 3 1
10 3 8
11 3 8
12 3 4
13 3 6
14 3 5
15 3 5

0 4 7
1 4 6
2 4 5
3 4 4
4 4 2
5 4 2
6 4 6
7 4 3
8 4 3
9 4 5
10 4 3
11 4 7
12 4 5
13 4 1
14 4 2
15 4 2

0 5 31
1 5 38
2 5 32
3 5 49
4 5 38
5 5 40
6 5 44
7 5 32
8 5 25
9 5 28
10 5 43
11 5 46
12 5 29
13 5 44
14 5 50
15 5 50

0 6 30
1 6 25
2 6 37
3 6 43
4 6 35
5 6 30
6 6 38
7 6 36
8 6 30
9 6 26
10 6 44
11 6 35
12 6 35
13 6 35
14 6 40
15 6 24

0 7 9302
1 7 9275
2 7 9295
3 7 9301
4 7 9331
5 7 9266
6 7 9326
7 7 9319
8 7 9360
9 7 9358
10 7 9332
11 7 9353
12 7 9314
13 7 9301
14 7 9351
15 7 9339

0 8 37
1 8 33
2 8 33
3 8 49
4 8 46
5 8 44
6 8 46
7 8 46
8 8 47
9 8 45
10 8 42
11 8 50
12 8 32
13 8 49
14 8 45
15 8 47

0 9 27
1 9 30
2 9 33
3 9 26
4 9 28
5 9 37
6 9 28
7 9 35
8 9 29
9 9 27
10 9 36
11 9 30
12 9 33
13 9 35
14 9 22
15 9 35

0 10 16
1 10 16
2 10 22
3 10 25
4 10 21
5 10 27
6 10 18
7 10 25
8 10 22
9 10 30
10 10 26
11 10 39
12 10 21
13 10 16
14 10 21
15 10 15

0 11 12
1 11 16
2 11 8
3 11 16
4 11 7
5 11 13
6 11 13
7 11 9
8 11 14
9 11 11
10 11 18
11 11 10
12 11 10
13 11 17
14 11 15
15 11 15

0 12 9
1 12 18
2 12 6
3 12 13
4 12 9
5 12 13
6 12 8
7 12 11
8 12 6
9 12 7
10 12 12
11 12 21
12 12 11
13 12 9
14 12 15
15 12 13

0 13 14
1 13 9
2 13 10
3 13 12
4 13 6
5 13 11
6 13 12
7 13 7
8 13 12
9 13 9
10 13 16
11 13 15
12 13 13
13 13 11
14 13 16
15 13 12

0 14 13
1 14 11
2 14 12
3 14 12
4 14 17
5 14 14
6 14 10
7 14 9
8 14 14
9 14 11
10 14 15
11 14 10
12 14 18
13 14 15
14 14 15
15 14 7

0 15 7
1 15 6
2 15 12
3 15 19
4 15 18
5 15 13
6 15 22
7 15 14
8 15 13
9 15 13
10 15 12
11 15 17
12 15 12
13 15 18
14 15 22
15 15 23

